B1	B1	0	0	0	2	3
A2	B2	0	0	0	2	2
C2	C2	0	0	0	2	1
A1	A1	0	0	0	2	2
C2	C2	0	0	0	2	3
B1	B1	0	0	0	2	1
A1	0	A1	0	0	3	1
A1	B1	0	0	0	2	3
A2	0	A2	0	0	3	1
C2	0	D2	0	0	3	2
A1	0	A1	0	0	3	2
C1	C1	0	0	0	2	3
A1	0	B1	0	0	3	1
A2	0	A2	0	0	3	3
C1	0	D1	0	0	3	3
A1	A1	0	0	0	2	1
A2	0	B2	0	0	3	1
C2	0	D2	0	0	3	3
D1	0	D1	0	0	3	3
A2	B2	0	0	0	2	1
B2	0	B2	0	0	3	1
B2	B2	0	0	0	2	2
B1	0	B1	0	0	3	3
D2	D2	0	0	0	2	1
B2	B2	0	0	0	2	1
D1	0	D1	0	0	3	2
B2	B2	0	0	0	2	3
D1	0	D1	0	0	3	1
C1	C1	0	0	0	2	2
C2	D2	0	0	0	2	3
D2	0	D2	0	0	3	1
C1	0	C1	0	0	3	3
B1	B1	0	0	0	2	2
A2	A2	0	0	0	2	3
C2	D2	0	0	0	2	2
C1	D1	0	0	0	2	2
A2	A2	0	0	0	2	1
C2	C2	0	0	0	2	2
D2	D2	0	0	0	2	2
D1	D1	0	0	0	2	1
D2	D2	0	0	0	2	3
A2	0	B2	0	0	3	3
A1	B1	0	0	0	2	1
A2	A2	0	0	0	2	2
D2	0	D2	0	0	3	2
A2	B2	0	0	0	2	3
C2	0	D2	0	0	3	1
C1	D1	0	0	0	2	3
C1	C1	0	0	0	2	1
B2	0	B2	0	0	3	2
A2	0	A2	0	0	3	2
A1	A1	0	0	0	2	3
A1	0	B1	0	0	3	3
C2	D2	0	0	0	2	1
C2	0	C2	0	0	3	1
A2	0	B2	0	0	3	2
C1	0	C1	0	0	3	1
C2	0	C2	0	0	3	3
B1	0	B1	0	0	3	1
C1	0	D1	0	0	3	2
B2	0	B2	0	0	3	3
D1	D1	0	0	0	2	2
C1	0	C1	0	0	3	2
C1	D1	0	0	0	2	1
B1	0	B1	0	0	3	2
C2	0	C2	0	0	3	2
C1	0	D1	0	0	3	1
D1	D1	0	0	0	2	3
A1	0	A1	0	0	3	3
A1	0	B1	0	0	3	2
D2	0	D2	0	0	3	3
A1	B1	0	0	0	2	2
